4.30088710785 1.89257907867 0.0 0.0 0.679501051675 0.733674533273
4.58317375183 3.01701688766 0.0 0.0 0.949123907968 0.314902853787
-4.42204046249 4.32012796402 0.0 0.0 0.987660573002 -0.156609682131
-5.73014831543 3.70852899551 0.0 0.0 -0.858208992873 0.513300423292
-6.00014257431 1.8955321312 0.0 0.0 -0.64404871273 0.764984480647
-4.36511659622 0.707113742828 0.0 0.0 -0.192722654382 0.981253269288
-1.4390296936 0.239894866943 0.0 0.0 -0.0684575747679 0.997654028437
1.32674121857 -0.340344429016 0.0 0.0 -0.070341029353 0.997523002035
3.42614293098 -0.613121986389 0.0 0.0 0.197640874724 0.980274494536
4.42271137238 0.368611335754 0.0 0.0 0.574498184379 0.818505855901
4.6417722702 1.56363248825 0.0 0.0 0.682205512052 0.731160474401
4.66945552826 2.93943738937 0.0 0.0 0.852829677025 0.52218918218
