0.155822753906 0.0307807922363 0.999999893623
0.153697967529 0.0287666320801 0.999999970013
0.157676696777 0.0268630981445 0.999999961648
0.183441162109 0.0320816040039 0.999999297497
0.188148498535 0.0331954956055 0.999996482603
0.194702148438 0.0395202636719 0.999981362496
0.225658416748 0.0407791137695 0.999958802296
0.234088897705 0.0387802124023 0.999964285335
0.289295196533 0.0368270874023 0.999957105797
0.30786895752 0.0345878601074 0.999952361742
0.351306915283 0.0336799621582 0.999948696012
0.368560791016 0.0369071960449 0.999950401121
0.387718200684 0.0368232727051 0.999955408861
0.384483337402 0.0375442504883 0.999954066003
0.398571014404 0.0367965698242 0.999959701939
0.444255828857 0.0376205444336 0.999970286277
0.495666503906 0.029899597168 0.999982721085
0.518115997314 0.031135559082 0.999985698851
0.537273406982 0.0322265625 0.999980215824
0.568592071533 0.0262069702148 0.999987190438
0.589721679688 0.016918182373 0.999989144246
0.621044158936 0.00702667236328 0.999990150706
0.639152526855 0.0106582641602 0.999983663729
0.697319030762 0.00567626953125 0.999991481251
0.706672668457 0.00519943237305 0.999991045769
0.705516815186 0.00626373291016 0.999990380037
0.722953796387 0.00566864013672 0.99999044164
0.723243713379 0.00515747070312 0.99999015388
0.748596191406 0.00238037109375 0.99999227848
0.812370300293 -0.00248336791992 0.999995886354
0.850959777832 0.0012092590332 0.999998178903
0.871696472168 0.00254440307617 0.999997901042
0.909461975098 0.00434112548828 0.999997777143
0.911548614502 0.00380325317383 0.999998383481
0.918792724609 0.00490570068359 0.999997710801
0.937915802002 0.0045280456543 0.999997496329
0.946418762207 0.00541305541992 0.999997680603
0.987968444824 0.0035285949707 0.999998392471
1.03052520752 0.00242233276367 0.999999167033
1.03936004639 0.00407791137695 0.99999770212
1.07139205933 0.00341796875 0.999998734172
1.1427116394 0.00370025634766 0.999999689806
1.17994308472 0.000896453857422 0.999999995565
1.18015670776 0.0018310546875 0.999999872306
1.1845703125 0.00154495239258 0.999999931043
1.1861038208 0.00272750854492 0.99999981899
1.19572067261 0.00191116333008 0.999999742046
1.210105896 0.00241851806641 0.999999955972
1.22917556763 0.00316619873047 0.99999955461
1.29636383057 0.00193405151367 0.999999944084
1.37364578247 0.000572204589844 0.99999941747
1.39846801758 0.00135040283203 0.999999605101
1.42289352417 -0.000579833984375 0.999998382998
1.4197883606 0.000347137451172 0.99999864848
1.41895675659 0.000335693359375 0.999998999692
1.41872406006 0.000171661376953 0.999998758208
1.42484283447 0.000434875488281 0.999998846243
1.43017578125 0.000450134277344 0.999999096033
1.42835235596 3.81469726562e-05 0.999998268314
1.42902755737 -3.0517578125e-05 0.999998380023
1.42931365967 4.19616699219e-05 0.999998848772
1.43195343018 -0.000541687011719 0.999998635061
1.43164825439 0.000205993652344 0.999998833396
1.44050979614 0.000141143798828 0.999997431628
1.47914886475 0.00154876708984 0.999960443951
1.50910568237 0.00355911254883 0.99986326076
1.53263092041 0.0065803527832 0.999756908925
1.54401397705 0.00765228271484 0.999703069146
1.55855178833 0.00977325439453 0.999648979089
1.5947265625 0.0112495422363 0.999561357304
1.59218597412 0.011302947998 0.999559277622
1.6411819458 0.0150985717773 0.999581959801
1.68140411377 0.0171585083008 0.999604078145
1.67855834961 0.0169982910156 0.999598571352
1.67904663086 0.0165786743164 0.999597508067
1.67823410034 0.0166625976562 0.999601855374
1.68032073975 0.0172119140625 0.999599926435
1.67967605591 0.0163192749023 0.999599897734
1.68795013428 0.016960144043 0.999616763671
1.68419265747 0.016960144043 0.99961753352
1.69801712036 0.0171012878418 0.999650212464
1.76293182373 0.0191459655762 0.999793591605
1.77393722534 0.0183029174805 0.999828262526
1.78726959229 0.0174980163574 0.999849051703
1.84371185303 0.0158195495605 0.999963886708
1.88849639893 0.0138740539551 0.999998260593
1.89890670776 0.0132827758789 0.999999959706
1.89875030518 0.0126724243164 0.99999997227
1.91487884521 0.0128974914551 0.999999783238
1.95965576172 0.0100631713867 0.999983413385
1.96022796631 0.00996780395508 0.999983701866
1.9695854187 0.0105514526367 0.999980032434
2.00770187378 0.0096549987793 0.99997067647
2.01839065552 0.00995635986328 0.999959154295
2.0298576355 0.0131340026855 0.999959277036
2.08809280396 0.0138969421387 0.99993220897
2.12413787842 0.0119438171387 0.99992297232
2.14136505127 0.0101852416992 0.999924336326
2.17247772217 0.0081672668457 0.999947500936
2.24909591675 0.00463104248047 0.999924816551
2.30856323242 0.012523651123 0.999899835645
2.31867218018 0.0115280151367 0.999908861803
2.31786346436 0.0111274719238 0.999907728509
2.31865310669 0.0120315551758 0.999905234219
2.33443069458 0.00896072387695 0.999935875194
2.35609817505 0.00918579101562 0.999925365164
2.36599731445 0.00885009765625 0.99991380773
2.36669158936 0.00861358642578 0.999917679205
2.38399505615 0.00819778442383 0.999918338661
2.43129730225 0.000782012939453 0.999923297483
2.45023727417 0.00147247314453 0.999919198645
2.48148727417 0.00591278076172 0.999911719881
2.54313278198 0.00226974487305 0.999916133265
2.59464645386 -0.00458908081055 0.99992796084
2.61822509766 -0.00707244873047 0.99993738094
2.67853546143 -0.00765228271484 0.999931384753
2.71450042725 -0.00821685791016 0.999927427577
2.75461959839 -0.00997161865234 0.999936214944
2.79484176636 -0.0119171142578 0.999936755056
2.83180618286 -0.0127372741699 0.999926230672
2.83753585815 -0.014331817627 0.999932003376
2.83702468872 -0.0139007568359 0.999932909489
2.84267044067 -0.0147285461426 0.999940231943
2.85451507568 -0.0155410766602 0.999935038185
2.89604568481 -0.0167007446289 0.999927464918
2.97517776489 -0.0185737609863 0.999911352012
3.05686569214 -0.022762298584 0.999946153631
3.12183380127 -0.0251159667969 0.999960445476
3.16120529175 -0.0263252258301 0.999953232741
3.16529464722 -0.0274276733398 0.999963031264
3.18384933472 -0.0271606445312 0.9999619305
3.22627639771 -0.02685546875 0.999966500625
3.26699066162 -0.025993347168 0.999965230085
3.28591156006 -0.0276870727539 0.999969120847
3.31385040283 -0.0270690917969 0.999949293197
3.37007904053 -0.0285568237305 0.999964947188
3.4415397644 -0.0294418334961 0.999978836848
3.50025558472 -0.0312118530273 0.999973526774
3.51725387573 -0.0320816040039 0.999971716922
3.53844451904 -0.0341644287109 0.999972145644
3.53839111328 -0.0340919494629 0.999973040546
3.54215240479 -0.0331153869629 0.999975580966
3.54318237305 -0.0334815979004 0.999974671257
3.54294586182 -0.0335006713867 0.999971425692
3.54316329956 -0.0339088439941 0.999971404057
3.56979370117 -0.0346946716309 0.999980936505
3.62231445312 -0.0339775085449 0.999999145817
3.63655853271 -0.033561706543 0.999987192293
3.66359329224 -0.029956817627 0.999842207506
3.72884368896 -0.0163879394531 0.998534848111
3.78319549561 -0.00116729736328 0.99633619463
3.80585479736 0.00774002075195 0.995147441026
3.807056427 0.00727081298828 0.995139436273
3.8166809082 0.0115280151367 0.994457136157
3.83668899536 0.0175399780273 0.993192362109
3.84100341797 0.0198364257812 0.992938697663
3.84781646729 0.0219230651855 0.992362280641
3.85247802734 0.0248222351074 0.992015081248
3.87677764893 0.0348892211914 0.989953221886
3.89502716064 0.0446853637695 0.988309734988
3.91571044922 0.053150177002 0.986114390577
3.9548034668 0.0752563476562 0.981504049458
3.98303222656 0.0922050476074 0.977741743004
4.00963592529 0.108528137207 0.973945976476
4.0114440918 0.111095428467 0.973733596555
4.01176071167 0.110626220703 0.973677676863
4.02677154541 0.121459960938 0.971290954502
4.05565643311 0.14298248291 0.966292532606
4.10297775269 0.181007385254 0.956293186071
4.13918304443 0.217662811279 0.947936816391
4.15017700195 0.230792999268 0.945089277593
4.14995574951 0.229724884033 0.944927883968
4.16434860229 0.239601135254 0.941167971503
4.18102264404 0.260459899902 0.936606047461
4.18239593506 0.261375427246 0.936191730264
4.18334960938 0.26197052002 0.936118663129
4.18452072144 0.263347625732 0.935579875002
4.18560028076 0.265464782715 0.935278792918
4.19557571411 0.274047851562 0.932193127777
4.21959686279 0.301036834717 0.923635055194
4.22664642334 0.310619354248 0.920910419278
4.23131561279 0.312217712402 0.919205296509
4.24912643433 0.336326599121 0.912825347049
4.26594161987 0.363777160645 0.905970828914
4.26927947998 0.36861038208 0.904290154946
4.28593826294 0.399925231934 0.89648705232
4.31065750122 0.437980651855 0.884847417097
4.31789016724 0.45458984375 0.880919747653
4.32080841064 0.457904815674 0.879550260839
4.32300949097 0.46363067627 0.878133994946
4.32828903198 0.466297149658 0.875477746829
4.34604644775 0.52367401123 0.86173551232
4.35438919067 0.561260223389 0.854581592755
4.35733795166 0.566661834717 0.852634731023
4.36805343628 0.608573913574 0.842259425941
4.37985229492 0.647804260254 0.829292108375
4.39005661011 0.707313537598 0.812566322805
4.39601516724 0.728107452393 0.804499736339
4.39671707153 0.730171203613 0.804217998547
4.39624023438 0.731925964355 0.804155708184
4.40091705322 0.749328613281 0.799802109622
4.4161605835 0.81908416748 0.789502391042
4.4306640625 0.89281463623 0.779963028743
4.44095993042 0.964988708496 0.772066657172
4.44755935669 1.00256347656 0.76766120059
4.44807052612 1.00746536255 0.767036766497
4.44803619385 1.01231002808 0.766654363309
4.4499130249 1.01617431641 0.766010216133
4.45188522339 1.03174972534 0.764424626269
4.45374298096 1.0475692749 0.76254967738
4.45788574219 1.06879425049 0.759904504012
4.46070098877 1.09624099731 0.757871569927
4.46557617188 1.11516189575 0.755043450045
4.47032928467 1.14508056641 0.752958797228
4.47800827026 1.21399688721 0.748163781181
4.4845161438 1.28795623779 0.744911852382
4.48725509644 1.31979370117 0.74447618453
4.49415969849 1.36344528198 0.744419200018
4.50050735474 1.42726516724 0.746683824615
4.50286865234 1.44846343994 0.748004492702
4.50425338745 1.48456573486 0.750125579189
4.51164627075 1.53174972534 0.751003443386
4.51581573486 1.55975341797 0.75119937408
4.51928710938 1.5930480957 0.752369414721
4.52097320557 1.61289596558 0.753014334521
4.52167892456 1.61865997314 0.753052051215
4.52744674683 1.66160964966 0.754036966314
4.53679656982 1.72504806519 0.754920767335
4.54207611084 1.75926589966 0.755234128357
4.54410552979 1.768409729 0.755300091617
4.54582977295 1.77894973755 0.755527147308
4.54570770264 1.78037643433 0.755643423191
4.54616165161 1.78255081177 0.755729128285
4.54644012451 1.78862762451 0.755769721539
4.54609298706 1.78804397583 0.755752566658
4.55065155029 1.82471466064 0.755330885997
4.5563659668 1.87134933472 0.754370946043
4.55684280396 1.88277435303 0.754335528189
4.56534957886 1.94634246826 0.753029815519
4.57204437256 1.99456787109 0.751900496178
4.57362747192 2.01442718506 0.751324225966
4.57497024536 2.02956390381 0.750362464432
4.57876586914 2.06788253784 0.747473829582
4.58455657959 2.13590240479 0.7417221832
4.58678436279 2.15728759766 0.739878658649
4.58693313599 2.158203125 0.73971425418
4.58626174927 2.15293502808 0.740290661228
4.58888626099 2.17478561401 0.738316183076
4.59063720703 2.1978225708 0.736874767384
4.59680175781 2.25612640381 0.732922145686
4.60003662109 2.34017181396 0.727515971931
4.60051345825 2.36080932617 0.726206257967
4.59954833984 2.35338592529 0.72737568105
4.59940719604 2.37750244141 0.725281781886
4.59993743896 2.38549804688 0.724538335122
4.59990310669 2.39541625977 0.723915360345
4.60082244873 2.41522979736 0.722775687035
4.60060882568 2.42658615112 0.721734296828
4.59903717041 2.42895507812 0.722514535955
4.59806442261 2.46562957764 0.720584100301
4.59754562378 2.47992706299 0.719716010428
4.59957885742 2.49175262451 0.718078431297
4.60026931763 2.53345489502 0.715847959003
4.59996414185 2.58349609375 0.712306089501
4.59899139404 2.61986541748 0.709692275915
4.59474945068 2.64627075195 0.707265788495
4.59310913086 2.68681716919 0.703543593722
4.59243774414 2.70051956177 0.70189372662
4.59342193604 2.73182296753 0.697312602205
4.59212112427 2.76190185547 0.692469296544
4.59090423584 2.79356765747 0.685793775194
4.58179855347 2.84057617188 0.673661342
4.5810546875 2.85140228271 0.670228412546
4.57587432861 2.86248779297 0.665945037558
4.55034637451 2.93102264404 0.639751181267
4.52284622192 2.98853683472 0.615484781404
4.51641082764 3.00313186646 0.608359943029
4.51694488525 3.00029373169 0.608948333251
4.51700592041 3.00103759766 0.609048538019
4.5178604126 2.99586868286 0.609186758699
4.49457931519 3.04705047607 0.583843480601
4.49523925781 3.0510635376 0.581303646598
4.49466705322 3.06111526489 0.577646628179
4.46501541138 3.09453201294 0.557879011855
4.46071243286 3.10012817383 0.554844614507
4.462890625 3.0989074707 0.554950593139
4.45845794678 3.10541915894 0.551075161481
4.45589065552 3.11176681519 0.547773968419
4.45562744141 3.11339569092 0.546844055697
4.45359420776 3.11917114258 0.543392180538
4.44932937622 3.14751052856 0.527031478639
4.41744995117 3.18558502197 0.502370300407
4.38286590576 3.22848510742 0.474966265823
4.37504959106 3.23379516602 0.471008560135
4.36884307861 3.2410697937 0.465394716681
4.36853027344 3.24199295044 0.465226192669
4.36232376099 3.2474899292 0.460834333957
4.34840774536 3.26041793823 0.451154286045
4.31676483154 3.29769897461 0.427622129524
4.31212234497 3.30278396606 0.423255348155
4.3041305542 3.31398773193 0.413878032908
4.27314376831 3.34432983398 0.393774769406
4.25736236572 3.35860061646 0.383727697213
4.24512481689 3.36542510986 0.376709488135
4.22750854492 3.37864303589 0.367717057837
4.20927810669 3.39098358154 0.354775729867
4.18714141846 3.40366363525 0.341963347677
4.17680740356 3.40744781494 0.337553196553
4.17587280273 3.40927124023 0.333501820961
4.16608810425 3.41355514526 0.330096510266
4.1579284668 3.41913986206 0.325269870458
4.13869476318 3.43308639526 0.311774529393
4.11614990234 3.44867706299 0.29573398335
4.0545425415 3.47694778442 0.25806224428
3.9991645813 3.49849700928 0.229893485356
3.99417114258 3.50086593628 0.227149260675
3.98848342896 3.50190353394 0.222787806753
3.9660949707 3.50714874268 0.212623995246
3.92122268677 3.51941680908 0.187723846313
3.88203811646 3.52926635742 0.167184334765
3.85172653198 3.53369140625 0.152549458148
3.82012176514 3.5426864624 0.13310338551
3.77138519287 3.55129241943 0.106632558078
3.74737548828 3.55157470703 0.0949281171371
3.7487487793 3.55410003662 0.0938634644485
3.7286605835 3.55481719971 0.0825901714404
3.71913528442 3.55344390869 0.0789186352798
3.71709060669 3.55467987061 0.0765713816904
3.71376800537 3.55372238159 0.0754804477265
3.70211029053 3.55395507812 0.0703080440671
3.69004058838 3.556224823 0.0634466253947
3.66025543213 3.55645751953 0.0481174839379
3.63458251953 3.55396652222 0.0367801231935
3.630027771 3.55472946167 0.0331917363842
3.61030960083 3.55503082275 0.026892237886
3.53853607178 3.55736160278 0.0103057744171
3.46792602539 3.54893112183 0.000894621902971
3.45630645752 3.54820632935 -0.00084848789067
3.45401763916 3.54900360107 -0.00118906866816
3.45186233521 3.55111694336 -0.00182779133049
3.43704986572 3.54887008667 -0.00331063057515
3.37722015381 3.54532623291 -0.0121196674477
3.30052947998 3.53927612305 -0.0190010127997
3.26417922974 3.53720092773 -0.0201216026844
3.25637817383 3.53684616089 -0.0202050321493
3.24465942383 3.53437423706 -0.0202120650336
3.2430229187 3.53551101685 -0.0198627320747
3.24371337891 3.53498458862 -0.0202802376498
3.24276733398 3.53511428833 -0.0199371039668
3.24048614502 3.53422164917 -0.0197257879363
3.21401977539 3.53433990479 -0.0156842752417
3.21033859253 3.53428268433 -0.0145036422587
3.1782913208 3.53604125977 -0.00534908984987
3.10277557373 3.54483032227 0.0211694672193
3.02759552002 3.55438232422 0.0409101052701
3.02111053467 3.55588531494 0.0424739601785
3.02127838135 3.5560798645 0.0425512594865
3.01410675049 3.55654907227 0.043148543275
3.0025100708 3.55741500854 0.0439614957533
2.99531173706 3.55870819092 0.0442443408607
2.99713897705 3.55824661255 0.0443313978316
2.97830200195 3.55933761597 0.0432900343225
2.94279098511 3.56257247925 0.0390252422954
2.91970825195 3.56428146362 0.0365515126998
2.8857421875 3.5657043457 0.0328387142455
2.85542678833 3.56634521484 0.029431935203
2.85340499878 3.5669670105 0.0292012474956
2.83325195312 3.56713867188 0.0276936203404
2.82487106323 3.56718063354 0.0268403994689
2.81070709229 3.56819915771 0.0256159449821
2.76707839966 3.57025146484 0.0223269534664
2.75399017334 3.571434021 0.0215743296539
2.74739456177 3.57291412354 0.0218948072119
2.72001266479 3.57353591919 0.0207046525758
2.70848464966 3.57328414917 0.020984258204
2.68595504761 3.57399749756 0.020662343436
2.66162872314 3.57624053955 0.0214639677408
2.65522003174 3.57604980469 0.022621921614
2.65607452393 3.57537078857 0.0224910640607
2.65394210815 3.57625198364 0.0224884433044
2.65195465088 3.57578277588 0.0228377546678
2.64869308472 3.57667160034 0.0230503683502
2.63404083252 3.57797241211 0.0274104869788
2.62993621826 3.57921218872 0.0287690547981
2.62815093994 3.57862472534 0.0297204157245
2.59767913818 3.58651733398 0.0414443060193
2.56105804443 3.59368896484 0.0549886032925
2.53666305542 3.60070037842 0.0647563056949
2.51024627686 3.60634231567 0.0713747882075
2.45286178589 3.61841583252 0.0860038111637
2.43457794189 3.62320709229 0.0891572523409
2.43988037109 3.62276077271 0.0883397303354
2.4382019043 3.62340164185 0.088148674908
2.43984222412 3.62294387817 0.0883280941799
2.43635177612 3.62292480469 0.0889214449874
2.41714477539 3.62789916992 0.0915536441014
2.41124343872 3.62945556641 0.0923641566709
2.40622711182 3.62959671021 0.0929696259651
2.37279129028 3.63626098633 0.0918215676406
2.34149932861 3.64282989502 0.0883986289445
2.30013275146 3.64916992188 0.0814056559639
2.29106903076 3.65012741089 0.0804107942534
2.29250335693 3.64993286133 0.0802152061584
2.27696609497 3.65242767334 0.0772463691788
2.26909255981 3.65265655518 0.0764595335913
2.26569747925 3.65274047852 0.0760355506368
2.2530632019 3.65477752686 0.0739274480868
2.23244094849 3.65643310547 0.070109576987
2.19694900513 3.65895462036 0.0657592194344
2.17241287231 3.66024017334 0.0617574172456
2.13865280151 3.66385650635 0.0566600482933
2.09936523438 3.66753387451 0.0511041646672
2.07399749756 3.66884231567 0.0480468748594
2.07173538208 3.6692199707 0.0480503288126
2.06889724731 3.66942214966 0.0471515594674
2.05697631836 3.67087554932 0.0461387855647
2.05658721924 3.67056274414 0.0458816837618
2.05222320557 3.670337677 0.0458232116847
2.04887008667 3.6711807251 0.0455119284613
2.04447555542 3.67158889771 0.0453671176485
2.02970123291 3.67316818237 0.0443185332834
2.02338790894 3.67304611206 0.0443369964974
2.00490570068 3.67545700073 0.0436388651894
1.97803497314 3.67754364014 0.042871281745
1.93827056885 3.68123245239 0.0426228392733
1.888671875 3.68640136719 0.0419050042445
1.77705764771 3.69987869263 0.0452371940179
1.72033691406 3.70474243164 0.0460841252917
1.69130325317 3.70734786987 0.0460990101148
1.69114303589 3.7071647644 0.0466472610645
1.66797637939 3.70888137817 0.0467557412669
1.66310501099 3.70977020264 0.0465222249503
1.66088867188 3.70978927612 0.046531989961
1.64155197144 3.71206665039 0.0463169318046
1.63639450073 3.71289825439 0.0462283355812
1.62997436523 3.71371459961 0.0457745085016
1.60810089111 3.71662521362 0.0455678950361
1.59788894653 3.71733474731 0.0450305761724
1.60074615479 3.7166557312 0.0454994214628
1.59697723389 3.71768188477 0.0447215407331
1.58409881592 3.71812820435 0.0447108232021
1.56315231323 3.72077178955 0.0432447754723
1.55909347534 3.72100830078 0.0433926965962
1.55121612549 3.72185134888 0.0430313488604
1.53515625 3.72208786011 0.0415598371787
1.49285888672 3.72609710693 0.0414961171623
1.43074798584 3.73148345947 0.0390874253594
1.40100860596 3.7346572876 0.0385550776266
1.39336013794 3.73410797119 0.0384619272624
1.38165283203 3.73487472534 0.0375031055843
1.34455108643 3.73817062378 0.035791098488
1.33967208862 3.73872756958 0.0355915507917
1.33671188354 3.73843383789 0.0357255750704
1.32091522217 3.7395401001 0.0345528048799
1.31097412109 3.74066925049 0.0345182528779
1.29822540283 3.74185943604 0.0341703678076
1.27832794189 3.74445343018 0.0339394743018
1.24080276489 3.74823760986 0.0331350274163
1.17879104614 3.75215530396 0.031911396237
1.16720581055 3.75368118286 0.0311310817622
1.159034729 3.75322341919 0.031103079923
1.11347579956 3.75723266602 0.0295015246494
1.09218215942 3.75857543945 0.028489148514
1.08943557739 3.75822067261 0.0281047313632
1.05004882812 3.76002120972 0.0270755147179
1.04880905151 3.75943756104 0.0274281241754
1.04285812378 3.75890350342 0.0267484040169
1.03433227539 3.76050949097 0.0267953555596
1.03221511841 3.76031494141 0.0269517011832
1.02116775513 3.76128005981 0.0268399229753
1.00154876709 3.762134552 0.0262555279701
0.942577362061 3.7664604187 0.0241885002516
0.931091308594 3.76594924927 0.0231343877772
0.928974151611 3.76549530029 0.0229614615085
0.918334960938 3.76539230347 0.022536709713
0.901359558105 3.76775360107 0.0224100216084
0.900886535645 3.76705932617 0.0221740471897
0.879497528076 3.76735305786 0.0222154011039
0.851600646973 3.76915740967 0.0223553201753
0.83031463623 3.77040863037 0.0222117079775
0.803203582764 3.77398681641 0.0230560901027
0.765552520752 3.77653884888 0.0232583315651
0.750755310059 3.77886962891 0.0228922204131
0.736736297607 3.77958297729 0.0233704778713
0.678161621094 3.78317260742 0.0240974502731
0.639923095703 3.788230896 0.0242707298164
0.603790283203 3.78881835938 0.025275355409
0.575084686279 3.79251098633 0.0257370222342
0.560905456543 3.79088592529 0.0268688795751
0.557456970215 3.79064178467 0.0268302713032
0.552795410156 3.79096221924 0.0268221663728
0.536712646484 3.79167938232 0.0270695556441
0.499366760254 3.79592895508 0.0288261325402
0.469005584717 3.79731369019 0.0317125349776
0.463386535645 3.79637908936 0.0320829679223
0.422660827637 3.80108642578 0.037447948273
0.403240203857 3.80264282227 0.039764243462
0.402130126953 3.80280685425 0.0401173009418
0.396320343018 3.80388259888 0.0407185775512
0.399772644043 3.80304718018 0.0404833338228
0.396820068359 3.80374145508 0.0408030266463
0.393516540527 3.80436325073 0.0412094264447
0.396373748779 3.80320358276 0.0414994504982
0.389881134033 3.805103302 0.0419838548983
0.391181945801 3.80443191528 0.0419008354779
0.391822814941 3.80424880981 0.0419986209176
0.382701873779 3.80556488037 0.0432523986124
0.373588562012 3.80442047119 0.0443097244407
0.367362976074 3.80780792236 0.0441152440785
0.367347717285 3.80780029297 0.0442797143569
0.364673614502 3.8074760437 0.0447191597076
0.364860534668 3.80707931519 0.0447666765738
0.365112304688 3.80681228638 0.044740594756
0.363945007324 3.80718994141 0.0448704033614
0.365612030029 3.80684280396 0.0448063300835
0.360168457031 3.80735015869 0.0445885174236
0.33325958252 3.81115722656 0.0439960315902
0.303203582764 3.81494903564 0.0422960233172
0.29923248291 3.81541824341 0.0419665823854
0.302661895752 3.81462860107 0.0415772264916
0.297752380371 3.81500244141 0.0419221553031
0.299224853516 3.8136177063 0.0415805622908
0.285987854004 3.81384277344 0.0404154406758
0.249092102051 3.81397247314 0.0371352431902
0.241111755371 3.81419754028 0.0362088945846
0.242095947266 3.81460571289 0.0361900694847
0.24214553833 3.81491851807 0.0362510671891
0.241081237793 3.81398773193 0.0363024144409
0.241779327393 3.81464767456 0.0362788245441
0.241191864014 3.81510162354 0.0362519027168
0.241222381592 3.81566238403 0.0357417769561
0.240917205811 3.8143196106 0.0366694527806
0.242713928223 3.81444168091 0.0359121372135
0.241283416748 3.81468582153 0.0362690530011
0.243011474609 3.81481933594 0.0358630540118
0.241844177246 3.81452560425 0.0361426594101
0.243701934814 3.81446456909 0.0359053462103
0.242042541504 3.81447601318 0.0362927619581
0.241920471191 3.81395339966 0.0363654305009
0.241504669189 3.81456375122 0.0360880931104
0.24161529541 3.81439971924 0.0360329373034
0.242839813232 3.81391525269 0.0360673667864
0.239479064941 3.81432342529 0.0363076555035
0.241706848145 3.81425857544 0.0361181169526
0.241851806641 3.8145866394 0.0358299360308
0.24312210083 3.81406402588 0.0362834703495
0.238670349121 3.81586456299 0.0357918149595
0.206157684326 3.81935882568 0.0311627736127
0.204601287842 3.81937408447 0.0309717753667
0.204772949219 3.81793212891 0.0314098930225
0.204418182373 3.81779098511 0.0312330739109
0.20601272583 3.81784057617 0.0311449021745
0.206256866455 3.8179397583 0.0311994747813
0.205738067627 3.81819534302 0.0310904504243
0.20629119873 3.81704711914 0.0318527738758
0.203086853027 3.81898880005 0.030976898278
0.205268859863 3.81937789917 0.0310863975302
0.187530517578 3.82064056396 0.0289405261052
0.189289093018 3.81945037842 0.0294872235041
0.18949508667 3.81904220581 0.029460414914
0.180408477783 3.82105255127 0.0279929587878
0.167503356934 3.82054519653 0.026780695889
0.12797164917 3.82173919678 0.022785079286
0.0604782104492 3.82427978516 0.0166139867179
-0.0206718444824 3.83427047729 0.0104351096638
-0.0300216674805 3.83284378052 0.0101198180874
-0.0305099487305 3.8332901001 0.0101053940329
-0.031867980957 3.832862854 0.0100502025246
-0.0314903259277 3.83242797852 0.0104509637059
-0.043888092041 3.8313369751 0.0102044523724
-0.0647659301758 3.83173751831 0.00995031118077
-0.0641288757324 3.83235549927 0.009624766125
-0.084903717041 3.83377075195 0.011480273934
-0.111557006836 3.8371963501 0.0157649703453
-0.11190032959 3.83755493164 0.0157543623981
-0.164985656738 3.84050750732 0.0225594736188
-0.217609405518 3.8486328125 0.0294489756984
-0.224967956543 3.8494644165 0.0308081789171
-0.225131988525 3.84950637817 0.0308388010918
-0.236988067627 3.85097122192 0.0324289722268
-0.242362976074 3.85127639771 0.0327565030939
-0.26114654541 3.8530960083 0.0336839174749
-0.298278808594 3.85490036011 0.0349344021641
-0.349769592285 3.85789108276 0.0353202814742
-0.411689758301 3.86201095581 0.0354458507029
-0.46928024292 3.86368942261 0.0352399840155
-0.541816711426 3.87023925781 0.0340254948377
-0.603385925293 3.87168502808 0.0342251733355
-0.675098419189 3.86624145508 0.0359886208031
-0.767993927002 3.87322998047 0.0351427676504
-0.829383850098 3.87919998169 0.034043245559
-0.935974121094 3.88473510742 0.0334231154221
-1.00205230713 3.89072799683 0.0320115976509
-1.02740859985 3.89135742188 0.0319277153183
-1.02487945557 3.89067459106 0.0322008051991
-1.0270614624 3.89045333862 0.0321415879448
-1.03369140625 3.89139938354 0.0321390852211
-1.04034042358 3.89306640625 0.031454813135
-1.04521942139 3.89448928833 0.0310843729395
-1.05382537842 3.89677810669 0.0302892647448
-1.0609588623 3.89548492432 0.0305661778351
-1.08525848389 3.8977355957 0.0296521386417
-1.12578582764 3.89868927002 0.0295852924426
-1.15464782715 3.90182495117 0.0287418864492
-1.18544006348 3.90152740479 0.028796104015
-1.22356414795 3.90404129028 0.0275400194898
-1.2594833374 3.90953826904 0.0261245609862
-1.27579498291 3.91088104248 0.0258036381637
-1.29591369629 3.91478347778 0.0242016090826
-1.31017684937 3.91626739502 0.0240417955544
-1.31101608276 3.9161491394 0.0239549161843
-1.31756973267 3.91619110107 0.024130223137
-1.33333587646 3.91790008545 0.0244702271548
-1.36331939697 3.92036056519 0.0256679044466
-1.38794326782 3.9200630188 0.0289669796406
-1.4164352417 3.92290115356 0.0327156375501
-1.41708374023 3.92234420776 0.0327722319519
-1.44805145264 3.92641448975 0.0378283145095
-1.50477600098 3.93503952026 0.0443217535292
-1.57857894897 3.94669342041 0.0499603848642
-1.61880874634 3.95255661011 0.0529829784709
-1.61869430542 3.95277786255 0.0528932170767
-1.62163543701 3.95317459106 0.0531341589408
-1.62565231323 3.95385742188 0.0534249727012
-1.62730026245 3.95167922974 0.0539729021582
-1.63875579834 3.95831298828 0.0532290353585
-1.69097518921 3.96467208862 0.0554714973133
-1.77048492432 3.97702789307 0.0581071280091
-1.81050872803 3.98109054565 0.0594438909877
-1.81346511841 3.98225021362 0.0589971640425
-1.82665252686 3.98452758789 0.0591162866264
-1.87001800537 3.99337005615 0.0590805852642
-1.91896820068 3.99739456177 0.0589332615653
-1.92263793945 3.99809646606 0.058685733424
-1.94426727295 3.99955368042 0.0590516648109
-1.97624206543 4.00266265869 0.0579031491796
-1.98386001587 4.00370025635 0.0577201101782
-1.99234390259 4.0037651062 0.05755134894
-2.0248336792 4.00675201416 0.0545793786926
-2.07139587402 4.01027297974 0.049501757318
-2.10166168213 4.01291656494 0.0465597367807
-2.09993743896 4.01224899292 0.0467731281556
-2.10063934326 4.0122756958 0.04658843517
-2.12174224854 4.01467132568 0.0453500892704
-2.19058609009 4.01806640625 0.0415090996816
-2.26749420166 4.02531814575 0.035938464101
-2.28293228149 4.02623748779 0.0350029060814
-2.28588104248 4.02517700195 0.0351788671642
-2.28617477417 4.0251159668 0.0350492481721
-2.30950164795 4.02770996094 0.0341656026175
-2.37343597412 4.03478240967 0.0322881423058
-2.481300354 4.04013824463 0.0350734322657
-2.60311889648 4.05181884766 0.0415412590622
-2.71147155762 4.06702423096 0.0509122502571
-2.73635482788 4.07018280029 0.0524001380464
-2.73432159424 4.06957244873 0.0524028748544
-2.73610305786 4.07011795044 0.052099666549
-2.73564529419 4.0694770813 0.0520283581976
-2.73505401611 4.06990432739 0.0520122837193
-2.73653030396 4.07006835938 0.0519408561519
-2.73364639282 4.0704460144 0.0518832347704
-2.73477172852 4.07014846802 0.0521541906791
-2.74779510498 4.07099533081 0.0518872856134
-2.78911972046 4.07620239258 0.0526369177533
-2.81827926636 4.08045578003 0.0529726228507
-2.83116912842 4.08250808716 0.0532022503549
-2.87455368042 4.08847045898 0.0550879943127
-2.89041900635 4.09095001221 0.0553805652516
-2.95169830322 4.09956741333 0.0578355491703
-2.97409820557 4.10499191284 0.0589840732969
-3.01370239258 4.10910797119 0.0607168842844
-3.04037857056 4.11304855347 0.0612783872054
-3.0791053772 4.11882781982 0.0629011471691
-3.1205329895 4.12690353394 0.063034990615
-3.18126678467 4.13870239258 0.0639617597338
-3.26988983154 4.15026855469 0.0662712888716
-3.3646736145 4.16558074951 0.0670471639629
-3.38953781128 4.17465209961 0.0661916004011
-3.42608642578 4.17937469482 0.0671316152085
-3.42987823486 4.18225860596 0.0666854593571
-3.47594451904 4.18701934814 0.068087503347
-3.49463653564 4.19072341919 0.0679435937512
-3.55101013184 4.19823074341 0.0683570049872
-3.57387542725 4.2010383606 0.0687674267829
-3.59392547607 4.20418548584 0.0690176474877
-3.60988998413 4.20556640625 0.0692269594703
-3.62547302246 4.20704269409 0.0699640201581
-3.64305114746 4.20914840698 0.0700313318697
-3.69004058838 4.21812820435 0.0708881025706
-3.72882843018 4.22367477417 0.0708254344092
-3.74118423462 4.22565460205 0.0709375669868
-3.78396606445 4.23265838623 0.070104224584
-3.79298782349 4.23435592651 0.0702168405784
-3.83441925049 4.24010467529 0.0706776293177
-3.85179901123 4.242603302 0.071457781529
-3.91859436035 4.25099563599 0.0762754175204
-3.93105697632 4.25406646729 0.0769530303959
-3.95777130127 4.26063156128 0.0818490610651
-4.01752853394 4.27138137817 0.0941621865455
-4.0221786499 4.27216720581 0.0955478004624
-4.03829193115 4.27921676636 0.100648360401
-4.08438491821 4.2961807251 0.115961220822
-4.107006073 4.30643844604 0.123612348345
-4.14431381226 4.31992340088 0.133162826561
-4.14731216431 4.31941986084 0.134556712519
-4.17071533203 4.33123016357 0.141542897089
-4.19969558716 4.34516525269 0.149733801092
-4.2324180603 4.35663604736 0.156333935183
-4.24945831299 4.36221313477 0.15937403041
-4.27907562256 4.37424468994 0.163825261561
-4.30422592163 4.38614654541 0.167330186086
-4.30573654175 4.38530349731 0.1677565708
-4.31031799316 4.38585281372 0.168440724533
-4.33459854126 4.39551925659 0.171448457258
-4.34331512451 4.39886474609 0.172229750117
-4.34895324707 4.40135955811 0.171879216922
-4.37167358398 4.41069412231 0.172255817751
-4.39893341064 4.41941070557 0.171210377411
-4.43078613281 4.42980957031 0.168132859749
-4.50611495972 4.45784378052 0.155261308159
-4.56172180176 4.46867752075 0.144458637455
-4.56156921387 4.46683883667 0.144635092974
-4.56200027466 4.46803665161 0.144589216544
-4.56154251099 4.46761322021 0.144446359517
-4.56540298462 4.46713256836 0.143719104324
-4.5936050415 4.47465133667 0.136448953115
-4.6192855835 4.47888183594 0.129807022194
-4.62797546387 4.48177337646 0.126550018776
-4.67073440552 4.48968505859 0.112790936486
-4.67321014404 4.48992156982 0.112020157971
-4.6722946167 4.48922729492 0.112398742713
-4.6735458374 4.48949432373 0.111902406204
-4.67338180542 4.48932647705 0.112212053477
-4.67313766479 4.48951339722 0.112118835405
-4.67356872559 4.48934173584 0.112491133896
-4.67242050171 4.48979949951 0.112023589396
-4.67292022705 4.48955154419 0.112275787206
-4.67264175415 4.48965454102 0.11173217776
-4.67265701294 4.48878097534 0.112288100702
-4.67310333252 4.48894119263 0.112198197082
-4.67227172852 4.48923492432 0.112328728453
-4.67293548584 4.48933792114 0.112246172042
-4.6727180481 4.48872756958 0.112224609126
-4.67320251465 4.4889755249 0.112362258748
-4.67281723022 4.48942184448 0.112347337298
-4.67372894287 4.49033737183 0.111877293249
-4.67262649536 4.48768997192 0.112516009678
-4.67334747314 4.48934936523 0.112147025908
-4.67390441895 4.48871994019 0.112129495967
-4.67293930054 4.48961639404 0.112299473238
-4.67264556885 4.4892578125 0.112191687502
-4.70427322388 4.49750900269 0.102685404722
-4.73301315308 4.49979782104 0.0949886463991
-4.73366165161 4.50090408325 0.0949319164869
-4.74641418457 4.50017547607 0.0914030091408
-4.80370330811 4.50522613525 0.07550849633
-4.85175323486 4.51010131836 0.0623157888227
-4.85246658325 4.51069259644 0.0620535585984
-4.85849380493 4.50964355469 0.0580990363355
-4.86331176758 4.51052856445 0.0558774912407
-4.86238098145 4.51124191284 0.056057451745
-4.86212158203 4.51010894775 0.0565390102925
-4.86254882812 4.51097869873 0.0563858312105
-4.8720664978 4.51349639893 0.0506796155725
-4.87626266479 4.51252365112 0.0484465949808
-4.87689590454 4.51540374756 0.0473193350685
-4.90224456787 4.5142326355 0.0327958205268
-4.92545318604 4.5126953125 0.0187657341375
-4.93360519409 4.51466751099 0.013491535578
-4.98946380615 4.50253295898 -0.0207949952613
-5.02568054199 4.49475097656 -0.0409501272699
-5.02393341064 4.49645996094 -0.0403861372489
-5.02471923828 4.49664306641 -0.0407453764903
-5.05035400391 4.48699188232 -0.0560284105493
-5.06345748901 4.48198699951 -0.0630182184933
-5.10698699951 4.46821212769 -0.0891764829112
-5.16872406006 4.45042800903 -0.12719813135
-5.2218132019 4.42772674561 -0.158124191085
-5.22347640991 4.42772293091 -0.158877849108
-5.22318267822 4.42726516724 -0.158840659578
-5.22343444824 4.42692947388 -0.158862906508
-5.25421142578 4.40884399414 -0.178876409877
-5.28625869751 4.39520263672 -0.199221690684
-5.28484725952 4.39616775513 -0.198393480612
-5.30332946777 4.38866043091 -0.211530549496
-5.32102203369 4.37330245972 -0.223668385927
-5.3349571228 4.36600875854 -0.232645174471
-5.34077835083 4.36433029175 -0.23694951602
-5.36016082764 4.34702682495 -0.250398065215
-5.38790130615 4.32456207275 -0.268163653854
-5.38763427734 4.32509613037 -0.268857359475
-5.41524505615 4.29537963867 -0.288038825493
-5.4662399292 4.2498664856 -0.326385089675
-5.48349761963 4.23540115356 -0.338210588402
-5.48760223389 4.2293586731 -0.341868461691
-5.48802185059 4.23059844971 -0.342221447897
-5.49464035034 4.22207641602 -0.347349020145
-5.50016403198 4.21834564209 -0.351240316216
-5.50341033936 4.21475219727 -0.353484542808
-5.52153778076 4.18944168091 -0.368087202787
-5.5446472168 4.15477752686 -0.38794088096
-5.55947494507 4.13398361206 -0.400296518068
-5.56197357178 4.13060760498 -0.402768602137
-5.5775604248 4.11046600342 -0.415252609514
-5.60366821289 4.06874847412 -0.441218561577
-5.62163543701 4.03308868408 -0.460867220036
-5.63182449341 4.01863861084 -0.4707947757
-5.63584518433 4.01310348511 -0.474443135441
-5.6474571228 3.98364257812 -0.488782158083
-5.66199493408 3.94407272339 0.509883756167
-5.67906951904 3.90287399292 0.531377182653
-5.68014907837 3.8963394165 0.534239956446
-5.68978118896 3.86968994141 0.548571891709
-5.6946182251 3.84719848633 0.557456135681
-5.70622634888 3.80332183838 0.577552802249
-5.71563720703 3.75609207153 0.597121838815
-5.72842788696 3.67990112305 0.627892315042
-5.72906112671 3.67545318604 0.629761714641
-5.73372650146 3.65423583984 0.641654717339
-5.73446273804 3.59576416016 0.66528988541
-5.733253479 3.55469894409 0.683353195724
-5.73202514648 3.54079055786 0.68919454819
-5.72943115234 3.50654983521 0.700331224444
-5.72238540649 3.45067596436 0.72206866564
-5.71327209473 3.41036987305 0.73773201859
-5.71364593506 3.41076660156 0.736850011715
-5.7127571106 3.4093132019 0.736821776999
-5.7138671875 3.41022491455 0.737007937494
-5.71325683594 3.41051101685 0.736811936882
-5.71302032471 3.40837860107 0.73683888977
-5.71383666992 3.41010284424 0.737159892584
-5.71342086792 3.40995025635 0.737077218894
-5.71308898926 3.40999221802 0.736707168901
-5.71249008179 3.41192626953 0.736802297118
-5.71343994141 3.40900802612 0.736897554302
-5.7170715332 3.40336227417 0.738026671426
-5.71591567993 3.39987182617 0.739494850845
-5.71583938599 3.39445114136 0.740391499493
-5.70885848999 3.34844207764 0.748757334257
-5.70684051514 3.33194732666 0.75088329571
-5.70778274536 3.33065795898 0.75097572293
-5.7013130188 3.31227493286 0.752349435419
-5.69335174561 3.25829315186 0.753305924342
-5.6859588623 3.22794723511 0.753484341841
-5.68455505371 3.21012115479 0.752317073311
-5.67691802979 3.19432830811 0.746799343021
-5.67097473145 3.12319946289 0.730676125966
-5.67517852783 3.05578613281 0.712256211922
-5.68869018555 2.9592590332 0.697789317236
-5.7068939209 2.84580230713 0.680473371267
-5.70902252197 2.80224609375 0.677146455697
-5.70725631714 2.79962921143 0.676615418824
-5.71259307861 2.77368164062 0.673820444179
-5.71419525146 2.77046585083 0.67378150628
-5.72805786133 2.62979125977 0.669930407096
-5.72844696045 2.66735839844 0.665354495425
-5.73955535889 2.61415481567 0.662133734627
-5.75261688232 2.55728149414 0.659121451772
-5.76583480835 2.40845870972 0.655993104693
-5.77549362183 2.38481521606 0.661049610368
-5.76655197144 2.42636871338 0.657077137792
-5.7682800293 2.42520141602 0.658040469506
-5.76858901978 2.39665603638 0.660019091015
-5.77354049683 2.35113525391 0.66542266236
-5.77130508423 2.33383178711 0.667069789195
-5.77325820923 2.29535675049 0.672837553413
-5.77350997925 2.2794303894 0.6755082548
-5.77795028687 2.21195220947 0.685521310051
-5.77808761597 2.18758392334 0.688760820392
-5.78020477295 2.15937423706 0.692601308309
-5.78070831299 2.14040374756 0.695033415139
-5.78081512451 2.13678741455 0.695109845046
-5.78141021729 2.12327957153 0.696610491546
-5.78508758545 2.06539916992 0.702165727319
-5.78646850586 2.01224517822 0.707020289557
-5.78553009033 1.977394104 0.710410245182
-5.78402328491 1.9409866333 0.714999985676
-5.77953720093 1.89067840576 0.72068387968
-5.7758140564 1.87020111084 0.722140086677
-5.77576446533 1.87083053589 0.721885252568
-5.77584457397 1.87107467651 0.721980932446
-5.7742805481 1.84560394287 0.724145674632
-5.77101135254 1.81835174561 0.727502317168
-5.77114105225 1.81853103638 0.727463551433
-5.77068710327 1.81052398682 0.728621700765
-5.76558685303 1.76998138428 0.733418630252
-5.75475311279 1.70130157471 0.743286588594
-5.74294281006 1.63947296143 0.752972777977
-5.73255157471 1.60000610352 0.764567669276
-5.73294830322 1.60197067261 0.764275737963
-5.72761917114 1.58361053467 0.771158575611
-5.72344207764 1.5682144165 0.77683758362
-5.7227897644 1.56878662109 0.776494258828
-5.71607971191 1.54034423828 0.786889471643
-5.71439361572 1.53062820435 0.790712352735
-5.71157836914 1.52793121338 0.791052713362
-5.70746612549 1.52016067505 0.794212055148
-5.68559646606 1.47714233398 0.809882759398
-5.65331268311 1.41822052002 0.831196009764
-5.64456939697 1.40241622925 0.837052289034
-5.6287612915 1.37489700317 0.846854871501
-5.59356689453 1.32368087769 0.865694234493
-5.5584526062 1.28607940674 0.87961713926
-5.5474357605 1.272315979 0.884432154914
-5.54621124268 1.27230834961 0.884377750731
-5.54735565186 1.27259063721 0.884407804089
-5.54320526123 1.26784515381 0.885850871552
-5.5281829834 1.25312042236 0.891260698908
-5.5226020813 1.24549102783 0.893952569159
-5.47245407104 1.19634246826 0.911828081574
-5.40277481079 1.14293289185 0.929737755543
-5.35956573486 1.11234664917 0.940655057881
-5.34132385254 1.10050582886 0.944553369515
-5.3348197937 1.09775543213 0.946118934933
-5.31942367554 1.08893585205 0.949575109609
-5.28540802002 1.06986618042 0.956810814769
-5.22217559814 1.04188156128 0.967388357044
-5.16330718994 1.02221679688 0.975296503024
-5.15180969238 1.01719284058 0.976586556873
-5.14542388916 1.01503753662 0.977125331423
-5.11310577393 1.0032043457 0.979279581553
-5.04097747803 0.980175018311 0.983002219773
-5.018699646 0.971363067627 0.984469418926
-5.01149749756 0.969276428223 0.984894882822
-4.9705696106 0.960411071777 0.987531841341
-4.89593887329 0.944549560547 0.992606589215
-4.82847595215 0.935047149658 0.996291930069
-4.82168960571 0.934284210205 0.996535315454
-4.82146835327 0.935966491699 0.996578803532
-4.80995941162 0.934867858887 0.996906703857
-4.77153015137 0.931751251221 0.997603258197
-4.72580337524 0.928062438965 0.998228460781
-4.67569732666 0.92374420166 0.998695973174
-4.62035369873 0.919227600098 0.999193107884
-4.54989242554 0.916847229004 0.999548462542
-4.46650695801 0.917041778564 0.999778248445
-4.37726593018 0.916187286377 0.999919993776
-4.31179428101 0.915180206299 0.999945149435
-4.29975509644 0.914558410645 0.999941319143
-4.25556945801 0.912292480469 0.999932500145
-4.20017242432 0.910697937012 0.999922087963
-4.16115570068 0.910655975342 0.999879670665
-4.13578414917 0.908973693848 0.999844254715
-4.08020401001 0.902931213379 0.999674844679
-4.04063796997 0.898170471191 0.999517961596
-4.01987075806 0.894012451172 0.999407266042
-3.96876144409 0.886699676514 0.999064431687
-3.84423065186 0.865516662598 0.997926508238
-3.78411483765 0.854164123535 0.997517261202
-3.74571990967 0.847003936768 0.997226158764
-3.74686431885 0.846351623535 0.997255679884
-3.73698806763 0.844551086426 0.997218167458
-3.71758651733 0.841209411621 0.997238318876
-3.71756744385 0.841541290283 0.997235697584
-3.70467376709 0.83931350708 0.997301486233
-3.70263290405 0.839183807373 0.997293481038
-3.69272613525 0.837779998779 0.997364702375
-3.66805648804 0.834857940674 0.997554661927
-3.63912200928 0.831256866455 0.997829239521
-3.55458450317 0.823081970215 0.998595531597
-3.48921203613 0.816795349121 0.999020361747
-3.45408248901 0.815448760986 0.9993241642
-3.44821548462 0.814685821533 0.999349048517
-3.44246673584 0.814567565918 0.999396837941
-3.40037155151 0.812446594238 0.999557302149
-3.36415100098 0.810569763184 0.999721571993
-3.35991668701 0.811180114746 0.999736636472
-3.30136871338 0.806743621826 0.999749070549
-3.28940963745 0.804908752441 0.999749305507
-3.27028656006 0.803375244141 0.999728465312
-3.21741867065 0.798664093018 0.999705718574
-3.17855834961 0.794849395752 0.999663036452
-3.17751312256 0.794452667236 0.999654867762
-3.1575012207 0.793304443359 0.999594126868
-3.13750457764 0.791809082031 0.999524100318
-3.09073257446 0.786693572998 0.99928158717
-3.04628372192 0.780170440674 0.998944086238
-3.03075790405 0.777671813965 0.998807612714
-2.98746871948 0.77006149292 0.998568956543
-2.94514846802 0.763572692871 0.998287998499
-2.93383407593 0.762065887451 0.998231764409
-2.87595367432 0.752769470215 0.997918905203
-2.8337059021 0.746643066406 0.997736194122
-2.81651687622 0.744640350342 0.997730611315
-2.76485443115 0.737800598145 0.997747164013
-2.67949676514 0.736198425293 0.997703254913
-2.60904312134 0.720233917236 0.997716301062
-2.59487915039 0.716411590576 0.997733611973
-2.58446502686 0.715759277344 0.997749786285
-2.57810211182 0.715507507324 0.997782896952
-2.56637573242 0.713752746582 0.9977857684
-2.55744171143 0.714160919189 0.997772762298
-2.53564071655 0.714225769043 0.997729712233
-2.45282745361 0.703033447266 0.997469569148
-2.38658905029 0.688182830811 0.997234475429
-2.36667633057 0.693992614746 0.997142073632
-2.30852890015 0.684551239014 0.996641373769
-2.2253036499 0.667686462402 0.996338939631
-2.20928192139 0.661724090576 0.996348473017
-2.144115448 0.639503479004 0.996261509619
-2.09996032715 0.628612518311 0.996367582224
-2.08714294434 0.627178192139 0.996285547909
-2.05028915405 0.618217468262 0.996255843026
-1.99495697021 0.6083984375 0.996292094247
-1.89723587036 0.591896057129 0.996420017294
-1.83626174927 0.572883605957 0.996571843684
-1.81167984009 0.566993713379 0.996626597063
-1.76016235352 0.559898376465 0.996711176983
-1.68839263916 0.547729492188 0.996856924047
-1.62577819824 0.53666305542 0.9968993543
-1.55305099487 0.523578643799 0.996983313574
-1.44638824463 0.504768371582 0.997036208308
-1.29634857178 0.484375 0.997253260979
-1.15802001953 0.461963653564 0.997437175957
-0.982852935791 0.437995910645 0.997715093455
-0.800231933594 0.415962219238 0.998846996242
-0.648857116699 0.403911590576 0.999648651795
-0.472206115723 0.403179168701 0.999955174394
-0.254264831543 0.398975372314 0.999969152778
-0.068244934082 0.40580368042 0.999936483294
0.0544929504395 0.396911621094 0.999995699131
0.177452087402 0.388469696045 0.999614664651
0.299175262451 0.369029998779 0.998284329127
0.412761688232 0.342384338379 0.997234652563
0.522308349609 0.322063446045 0.996684751948
0.693267822266 0.284801483154 0.996652415072
0.848163604736 0.267295837402 0.996634184547
0.982482910156 0.248359680176 0.996651869336
1.18284988403 0.214679718018 0.9968835944
1.29196929932 0.19896697998 0.997329193089
1.36663818359 0.18872833252 0.997735135829
1.48081588745 0.174823760986 0.998262524561
1.5936088562 0.163829803467 0.998727776805
1.73734664917 0.151374816895 0.99916581006
1.84212112427 0.142753601074 0.999342797665
1.97069168091 0.13724899292 0.99960675555
2.06970977783 0.129371643066 0.999635139529
2.18963623047 0.122943878174 0.99962715593
2.30405426025 0.119194030762 0.999173144844
