4.54549503326 1.74190425873 0.0 0.0 0.667674252896 0.744453552627
4.63313770294 2.75190114975 0.0 0.0 0.948988566163 0.315310483953
2.14707612991 3.99781131744 0.0 0.0 0.989391820891 0.145271555211
-0.988603115082 4.5233502388 0.0 0.0 0.999959318582 -0.00902004328301
-4.58027410507 4.24208402634 0.0 0.0 0.97921143924 -0.202842197929
-5.61686420441 3.43063211441 0.0 0.0 0.878705998807 -0.477363349726
-5.8424448967 1.61225748062 0.0 0.0 -0.461826509572 0.886970278564
-4.17319345474 0.648399829865 0.0 0.0 -0.115812576608 0.993271084397
-0.316175937653 0.192767620087 0.0 0.0 -0.0724535260175 0.997371789539
3.22445368767 -0.380394935608 0.0 0.0 0.23499331389 0.971996986841
4.35260725021 0.512452125549 0.0 0.0 0.596889219903 0.802323662348
